11111113111111130000000000000000
21111133211111330000000000000000
22555533225555330000000000000000
22555533225555330000000000000000
22555533225555330000000000000000
22555533225555330000000000000000
22444443224444430000000000000000
24444444244444440000000000000000
11111113000000000000000000000000
21111133000000000000000000000000
22555533000000000000000000000000
22555533000000000000000000000000
22555533000000000000000000000000
22555533000000000000000000000000
22444443000000000000000000000000
24444444000000000000000000000000
11111113000000000000000000000000
21111133000000000000000000000000
22555533000000000000000000000000
22555533000000000000000000000000
22555533000000000000000000000000
22555533000000000000000000000000
22444443000000000000000000000000
24444444000000000000000000000000
00000000000000000000000000000000
00000000000000000000000000000000
00000000000000000000000000000000
00000000000000000000000000000000
00000000000000000000000000000000
00000000000000000000000000000000
00000000000000000000000000000000
00000000000000000000000000000000
11111113000000000000000000000000
21111133000000000000000000000000
22555533000000000000000000000000
22555533000000000000000000000000
22555533000000000000000000000000
22555533000000000000000000000000
22444443000000000000000000000000
24444444000000000000000000000000
11111113111111131111111300000000
21111133211111332111113300000000
22555533225555332255553300000000
22555533225555332255553300000000
22555533225555332255553300000000
22555533225555332255553300000000
22444443224444432244444300000000
24444444244444442444444400000000
00000000000000000000000000000000
00000000000000000000000000000000
00000000000000000000000000000000
00000000000000000000000000000000
00000000000000000000000000000000
00000000000000000000000000000000
00000000000000000000000000000000
00000000000000000000000000000000
00000000000000000000000000000000
00000000000000000000000000000000
00000000000000000000000000000000
00000000000000000000000000000000
00000000000000000000000000000000
00000000000000000000000000000000
00000000000000000000000000000000
00000000000000000000000000000000
00000000111111130000000000000000
00000000211111330000000000000000
00000000225555330000000000000000
00000000225555330000000000000000
00000000225555330000000000000000
00000000225555330000000000000000
00000000224444430000000000000000
00000000244444440000000000000000
00000000111111130000000000000000
00000000211111330000000000000000
00000000225555330000000000000000
00000000225555330000000000000000
00000000225555330000000000000000
00000000225555330000000000000000
00000000224444430000000000000000
00000000244444440000000000000000
11111113111111130000000000000000
21111133211111330000000000000000
22555533225555330000000000000000
22555533225555330000000000000000
22555533225555330000000000000000
22555533225555330000000000000000
22444443224444430000000000000000
24444444244444440000000000000000
00000000000000000000000000000000
00000000000000000000000000000000
00000000000000000000000000000000
00000000000000000000000000000000
00000000000000000000000000000000
00000000000000000000000000000000
00000000000000000000000000000000
00000000000000000000000000000000
11111113111111131111111300000000
21111133211111332111113300000000
22555533225555332255553300000000
22555533225555332255553300000000
22555533225555332255553300000000
22555533225555332255553300000000
22444443224444432244444300000000
24444444244444442444444400000000
00000000000000001111111300000000
00000000000000002111113300000000
00000000000000002255553300000000
00000000000000002255553300000000
00000000000000002255553300000000
00000000000000002255553300000000
00000000000000002244444300000000
00000000000000002444444400000000
00000000000000000000000000000000
00000000000000000000000000000000
00000000000000000000000000000000
00000000000000000000000000000000
00000000000000000000000000000000
00000000000000000000000000000000
00000000000000000000000000000000
00000000000000000000000000000000
00000000000000000000000000000000
00000000000000000000000000000000
00000000000000000000000000000000
00000000000000000000000000000000
00000000000000000000000000000000
00000000000000000000000000000000
00000000000000000000000000000000
00000000000000000000000000000000
