11111113000000000000000000000000
21111133000000000000000000000000
22555533000000000000000000000000
22555533000000000000000000000000
22555533000000000000000000000000
22555533000000000000000000000000
22444443000000000000000000000000
24444444000000000000000000000000
11111113000000000000000000000000
21111133000000000000000000000000
22555533000000000000000000000000
22555533000000000000000000000000
22555533000000000000000000000000
22555533000000000000000000000000
22444443000000000000000000000000
24444444000000000000000000000000
11111113000000000000000000000000
21111133000000000000000000000000
22555533000000000000000000000000
22555533000000000000000000000000
22555533000000000000000000000000
22555533000000000000000000000000
22444443000000000000000000000000
24444444000000000000000000000000
11111113000000000000000000000000
21111133000000000000000000000000
22555533000000000000000000000000
22555533000000000000000000000000
22555533000000000000000000000000
22555533000000000000000000000000
22444443000000000000000000000000
24444444000000000000000000000000
11111113111111131111111311111113
21111133211111332111113321111133
22555533225555332255553322555533
22555533225555332255553322555533
22555533225555332255553322555533
22555533225555332255553322555533
22444443224444432244444322444443
24444444244444442444444424444444
00000000000000000000000000000000
00000000000000000000000000000000
00000000000000000000000000000000
00000000000000000000000000000000
00000000000000000000000000000000
00000000000000000000000000000000
00000000000000000000000000000000
00000000000000000000000000000000
00000000000000000000000000000000
00000000000000000000000000000000
00000000000000000000000000000000
00000000000000000000000000000000
00000000000000000000000000000000
00000000000000000000000000000000
00000000000000000000000000000000
00000000000000000000000000000000
00000000000000000000000000000000
00000000000000000000000000000000
00000000000000000000000000000000
00000000000000000000000000000000
00000000000000000000000000000000
00000000000000000000000000000000
00000000000000000000000000000000
00000000000000000000000000000000
