11111113111111130000000000000000
21111133211111330000000000000000
22555533225555330000000000000000
22555533225555330000000000000000
22555533225555330000000000000000
22555533225555330000000000000000
22444443224444430000000000000000
24444444244444440000000000000000
11111113111111130000000000000000
21111133211111330000000000000000
22555533225555330000000000000000
22555533225555330000000000000000
22555533225555330000000000000000
22555533225555330000000000000000
22444443224444430000000000000000
24444444244444440000000000000000
00000000000000000000000000000000
00000000000000000000000000000000
00000000000000000000000000000000
00000000000000000000000000000000
00000000000000000000000000000000
00000000000000000000000000000000
00000000000000000000000000000000
00000000000000000000000000000000
00000000000000000000000000000000
00000000000000000000000000000000
00000000000000000000000000000000
00000000000000000000000000000000
00000000000000000000000000000000
00000000000000000000000000000000
00000000000000000000000000000000
00000000000000000000000000000000
